	fBrain-DS14718	fBrain-DS16302	fHeart-DS15643	fHeart-DS15839	fHeart-DS16621	fIntestine_Sm-DS16559	fIntestine_Sm-DS16712	fIntestine_Sm-DS16822	fIntestine_Sm-DS17808	fIntestine_Sm-DS18495	fKidney_renal_cortex_L-DS17550	fLung_L-DS17154	fLung_L-DS18421	fLung_R-DS15632	fMuscle_arm-DS19053	fMuscle_back-DS18454	fMuscle_leg-DS19115	fMuscle_leg-DS19158	fSkin_fibro_bicep_R-DS19745	fStomach-DS17659
fBrain-DS14718	1.0	0.354341	0.240543	0.220057	0.227235	0.208473	0.206104	0.201612	0.215237	0.190684	0.260934	0.254287	0.25417	0.260759	0.263693	0.265443	0.266904	0.244176	0.15608	0.248625
fBrain-DS16302	0.354341	1.0	0.231572	0.209813	0.226111	0.194993	0.17876	0.183641	0.191957	0.175085	0.237877	0.258712	0.251358	0.259236	0.252318	0.24471	0.249425	0.244333	0.135481	0.215611
fHeart-DS15643	0.240543	0.231572	1.0	0.501456	0.612503	0.274958	0.252223	0.259862	0.279561	0.247321	0.305128	0.321958	0.323751	0.327153	0.322471	0.32779	0.321602	0.297134	0.18551	0.295735
fHeart-DS15839	0.220057	0.209813	0.501456	1.0	0.50637	0.253843	0.234683	0.236505	0.262172	0.220866	0.278114	0.289965	0.285643	0.280371	0.273637	0.273879	0.265811	0.250537	0.155952	0.2491
fHeart-DS16621	0.227235	0.226111	0.612503	0.50637	1.0	0.270273	0.226441	0.248787	0.262196	0.23503	0.296984	0.319891	0.317823	0.309777	0.305358	0.309559	0.301319	0.291388	0.170995	0.267889
fIntestine_Sm-DS16559	0.208473	0.194993	0.274958	0.253843	0.270273	1.0	0.451537	0.607371	0.57613	0.554788	0.313097	0.313202	0.325796	0.310454	0.27922	0.276469	0.273837	0.264617	0.177436	0.347187
fIntestine_Sm-DS16712	0.206104	0.17876	0.252223	0.234683	0.226441	0.451537	1.0	0.481841	0.523853	0.480868	0.269365	0.251144	0.26833	0.273746	0.242071	0.241538	0.240317	0.210362	0.190258	0.344375
fIntestine_Sm-DS16822	0.201612	0.183641	0.259862	0.236505	0.248787	0.607371	0.481841	1.0	0.59865	0.569733	0.289532	0.28457	0.300228	0.289781	0.256284	0.258686	0.255764	0.238165	0.18352	0.355715
fIntestine_Sm-DS17808	0.215237	0.191957	0.279561	0.262172	0.262196	0.57613	0.523853	0.59865	1.0	0.538442	0.311739	0.304329	0.315083	0.306872	0.274056	0.27464	0.272167	0.24807	0.184359	0.361087
fIntestine_Sm-DS18495	0.190684	0.175085	0.247321	0.220866	0.23503	0.554788	0.480868	0.569733	0.538442	1.0	0.270452	0.261521	0.278614	0.274002	0.24693	0.247674	0.246235	0.229886	0.182733	0.336473
fKidney_renal_cortex_L-DS17550	0.260934	0.237877	0.305128	0.278114	0.296984	0.313097	0.269365	0.289532	0.311739	0.270452	1.0	0.38651	0.383039	0.365728	0.336901	0.33017	0.33113	0.321369	0.181055	0.314544
fLung_L-DS17154	0.254287	0.258712	0.321958	0.289965	0.319891	0.313202	0.251144	0.28457	0.304329	0.261521	0.38651	1.0	0.626942	0.594137	0.377284	0.363956	0.368251	0.372015	0.18337	0.331727
fLung_L-DS18421	0.25417	0.251358	0.323751	0.285643	0.317823	0.325796	0.26833	0.300228	0.315083	0.278614	0.383039	0.626942	1.0	0.590381	0.366132	0.358442	0.3614	0.355591	0.191675	0.356052
fLung_R-DS15632	0.260759	0.259236	0.327153	0.280371	0.309777	0.310454	0.273746	0.289781	0.306872	0.274002	0.365728	0.594137	0.590381	1.0	0.378953	0.3663	0.374624	0.360816	0.199165	0.357541
fMuscle_arm-DS19053	0.263693	0.252318	0.322471	0.273637	0.305358	0.27922	0.242071	0.256284	0.274056	0.24693	0.336901	0.377284	0.366132	0.378953	1.0	0.58994	0.599604	0.573223	0.215222	0.322868
fMuscle_back-DS18454	0.265443	0.24471	0.32779	0.273879	0.309559	0.276469	0.241538	0.258686	0.27464	0.247674	0.33017	0.363956	0.358442	0.3663	0.58994	1.0	0.605352	0.555513	0.223531	0.327171
fMuscle_leg-DS19115	0.266904	0.249425	0.321602	0.265811	0.301319	0.273837	0.240317	0.255764	0.272167	0.246235	0.33113	0.368251	0.3614	0.374624	0.599604	0.605352	1.0	0.582839	0.218922	0.329439
fMuscle_leg-DS19158	0.244176	0.244333	0.297134	0.250537	0.291388	0.264617	0.210362	0.238165	0.24807	0.229886	0.321369	0.372015	0.355591	0.360816	0.573223	0.555513	0.582839	1.0	0.195676	0.291063
fSkin_fibro_bicep_R-DS19745	0.15608	0.135481	0.18551	0.155952	0.170995	0.177436	0.190258	0.18352	0.184359	0.182733	0.181055	0.18337	0.191675	0.199165	0.215222	0.223531	0.218922	0.195676	1.0	0.229768
fStomach-DS17659	0.248625	0.215611	0.295735	0.2491	0.267889	0.347187	0.344375	0.355715	0.361087	0.336473	0.314544	0.331727	0.356052	0.357541	0.322868	0.327171	0.329439	0.291063	0.229768	1.0
